20121029,20121104,0.03
20121105,20121111,0.13
20121112,20121118,0.44
20121119,20121125,-0.03
20121126,20121202,0.13
20121203,20121209,-0.07
20121210,20121216,0.38
20121217,20121223,0.38
20121224,20121230,0.02
20121231,20130106,-0.33
20130107,20130113,0.37
20130114,20130120,0.30
20130121,20130127,-0.09
20130128,20130203,-0.25
20130204,20130210,-0.10
20130211,20130217,-0.37
20130218,20130224,0.33
20130225,20130303,0.22
20130304,20130310,-0.23
20130311,20130317,-0.20
20130318,20130324,-0.01
20130325,20130331,0.21
20130401,20130407,0.16
20130408,20130414,0.04
20130415,20130421,0.07
20130422,20130428,-0.04
20130429,20130505,0.15
20130506,20130512,0.01
20130513,20130519,-0.61
20130520,20130526,-0.52
20130527,20130602,-0.53
20130603,20130609,-0.53
20130610,20130616,-0.50
20130617,20130623,-0.62
20130624,20130630,-0.61
20130701,20130707,-0.51
20130708,20130714,-0.67
20130715,20130721,-0.66
20130722,20130728,-0.63
20130729,20130804,-0.47
20130805,20130811,-0.30
20130812,20130818,-0.19
20130819,20130825,-0.07
20130826,20130901,-0.17
20130902,20130908,-0.05
20130909,20130915,-0.13
20130916,20130922,-0.31
20130923,20130929,-0.16
20130930,20131006,-0.23
20131007,20131013,0.01
20131014,20131020,0.10
20131021,20131027,-0.12
20131028,20131103,0.07
20131104,20131110,0.16
20131111,20131117,0.33
20131118,20131124,0.29
20131125,20131201,0.49
20131202,20131208,0.29
20131209,20131215,-0.09
20131216,20131222,-0.11
20131223,20131229,-0.33
20131230,20140105,-0.24
20140106,20140112,-0.26
20140113,20140119,-0.02
20140120,20140126,0.09
20140127,20140202,0.07
20140203,20140209,-0.07
20140210,20140216,-0.35
20140217,20140223,-0.06
20140224,20140302,-0.04
20140303,20140309,-0.25
20140310,20140316,-0.29
20140317,20140323,-0.53
20140324,20140330,-0.58
20140331,20140406,-0.47
20140407,20140413,-0.26
20140414,20140420,0.04
20140421,20140427,0.21
20140428,20140504,-0.04
20140505,20140511,-0.09
20140512,20140518,0.00
20140519,20140525,0.04
20140526,20140601,0.08
20140602,20140608,-0.07
20140609,20140615,-0.43
20140616,20140622,-0.69
20140623,20140629,-0.66
20140630,20140706,-0.60
20140707,20140713,-0.44
20140714,20140720,-0.65
20140721,20140727,-0.70
20140728,20140803,-0.69
20140804,20140810,-0.79
20140811,20140817,-0.55
20140818,20140824,-0.51
20140825,20140831,-0.17
20140901,20140907,-0.65
20140908,20140914,-0.34
20140915,20140921,0.00
20140922,20140928,0.17
20140929,20141005,0.29
20141006,20141012,0.38
20141013,20141019,0.31
20141020,20141026,0.21
20141027,20141102,0.22
20141103,20141109,0.59
20141110,20141116,0.23
20141117,20141123,0.07
20141124,20141130,0.15
20141201,20141207,0.17
20141208,20141214,0.04
20141215,20141221,-0.35
20141222,20141228,-0.14
20141229,20150104,-0.46
20150105,20150111,-0.34
20150112,20150118,-0.34
20150119,20150125,-0.34
20150126,20150201,-0.73
20150202,20150208,-0.43
20150209,20150215,-0.43
20150216,20150222,-0.44
20150223,20150301,-0.66
20150302,20150308,-0.54
20150309,20150315,0.03
20150316,20150322,-0.14
20150323,20150329,-0.02
20150330,20150405,0.05
20150406,20150412,-0.13
20150413,20150419,0.07
20150420,20150426,0.07
20150427,20150503,0.31
20150504,20150510,0.15
20150511,20150517,0.23
20150518,20150524,0.46
20150525,20150531,0.42
20150601,20150607,0.38
20150608,20150614,0.13
20150615,20150621,-0.07
20150622,20150628,-0.23
20150629,20150705,-0.01
20150706,20150712,0.27
20150713,20150719,0.02
20150720,20150726,-0.17
20150727,20150802,-0.10
20150803,20150809,0.51
20150810,20150816,0.38
20150817,20150823,0.41
20150824,20150830,0.57
20150831,20150906,0.70
20150907,20150913,0.97
20150914,20150920,1.13
20150921,20150927,0.81
20150928,20151004,1.17
20151005,20151011,1.16
20151012,20151018,0.91
20151019,20151025,1.08
20151026,20151101,0.89
20151102,20151108,0.88
20151109,20151115,0.68
20151116,20151122,0.13
20151123,20151129,0.26
20151130,20151206,0.18
20151207,20151213,0.09
20151214,20151220,0.15
20151221,20151227,0.14
20151228,20160103,-0.36
20160104,20160110,-0.32
20160111,20160117,-0.37
20160118,20160124,-0.54
20160125,20160131,-0.51
20160201,20160207,-0.30
20160208,20160214,-0.18
20160215,20160221,-0.37
20160222,20160228,-0.26
20160229,20160306,-0.29
20160307,20160313,-0.23
20160314,20160320,-0.04
20160321,20160327,0.03
20160328,20160403,-0.24
20160404,20160410,-0.16
20160411,20160417,-0.11
20160418,20160424,-0.16
20160425,20160501,0.11
20160502,20160508,-0.01
20160509,20160515,-0.06
20160516,20160522,-0.33
20160523,20160529,-0.53
20160530,20160605,-0.65
20160606,20160612,-0.84
20160613,20160619,-0.60
20160620,20160626,-0.91
20160627,20160703,-1.10
20160704,20160710,-1.37
20160711,20160717,-1.30
20160718,20160724,-1.06
20160725,20160731,-1.07
20160801,20160807,-0.76
20160808,20160814,-0.54
20160815,20160821,-0.62
20160822,20160828,-0.69
20160829,20160904,-0.91
20160905,20160911,-1.19
20160912,20160918,-1.17
20160919,20160925,-0.90
20160926,20161002,-0.70
20161003,20161009,-0.38
20161010,20161016,-0.56
20161017,20161023,-0.56
20161024,20161030,-0.30
20161031,20161106,-0.30
20161107,20161113,-0.27
20161114,20161120,-0.26
20161121,20161127,-0.11
20161128,20161204,-0.02
20161205,20161211,-0.03
20161212,20161218,-0.23
20161219,20161225,-0.02
20161226,20170101,-0.23
20170102,20170108,-0.05
20170109,20170115,-0.21
20170116,20170122,-0.20
20170123,20170129,0.05
20170130,20170205,0.17
20170206,20170212,0.28
20170213,20170219,0.12
20170220,20170226,0.11
20170227,20170305,-0.01
20170306,20170312,-0.14
20170313,20170319,-0.10
20170320,20170326,0.19
20170327,20170402,0.09
20170403,20170409,0.32
20170410,20170416,0.28
20170417,20170423,0.22
20170424,20170430,0.30
20170501,20170507,0.31
20170508,20170514,0.38
20170515,20170521,0.33
20170522,20170528,0.19
20170529,20170604,-0.08
