 1870 2016
1870  -0.261  -0.154   0.340   0.154  -0.259  -0.323  -0.323  -0.205  -0.328  -0.243  -0.129  -0.141
1871  -0.093   0.017  -0.038   0.058   0.105   0.052  -0.116  -0.063   0.068  -0.137   0.062   0.003
1872   0.147   0.219   0.095   0.119   0.075   0.126   0.032  -0.013   0.061   0.116   0.164   0.110
1873   0.239  -0.132  -0.223  -0.067  -0.192  -0.364  -0.366  -0.492  -0.292  -0.101  -0.083  -0.075
1874  -0.198  -0.191  -0.409  -0.549  -0.211  -0.245  -0.020  -0.040  -0.408  -0.753  -0.329  -0.553
1875  -0.255   0.004   0.081   0.242   0.090   0.121  -0.188   0.062   0.008  -0.263  -0.617  -0.227
1876  -0.179  -0.320  -0.237  -0.271  -0.242  -0.210  -0.074   0.048   0.299   0.168  -0.082  -0.065
1877  -0.130   0.542   0.296  -0.090  -0.461  -0.281  -0.267   0.519   0.899   0.793   0.817   0.377
1878  -0.079  -0.216   0.147   0.116  -0.137  -0.096  -0.057   0.030   0.176  -0.287  -0.183  -0.234
1879  -0.234  -0.222  -0.276  -0.335  -0.283  -0.064  -0.039  -0.325  -0.200  -0.390  -0.480  -0.369
1880  -0.267  -0.068  -0.152   0.204   0.086  -0.085  -0.203  -0.272  -0.164  -0.359  -0.272  -0.110
1881   0.026  -0.314  -0.178  -0.254   0.085   0.385   0.192   0.229   0.084  -0.064  -0.089  -0.259
1882  -0.368  -0.477   0.021   0.059   0.149   0.140   0.090  -0.188  -0.252  -0.123  -0.094  -0.188
1883  -0.517  -0.019  -0.132   0.085   0.026   0.129   0.042   0.181  -0.115   0.028  -0.077  -0.091
1884  -0.217   0.010  -0.146   0.282   0.466   0.015   0.314  -0.001  -0.083   0.027  -0.197  -0.183
1885  -0.284   0.109  -0.002  -0.002   0.016   0.088   0.104   0.084   0.045   0.157  -0.200  -0.164
1886  -0.426  -0.574  -0.288  -0.072  -0.220  -0.137  -0.403  -0.602  -0.585  -0.499  -0.406  -0.322
1887  -0.274  -0.193  -0.102  -0.047  -0.055   0.052   0.094   0.296   0.105  -0.122  -0.008  -0.061
1888  -0.153  -0.416  -0.554  -0.644  -0.273  -0.208  -0.131  -0.059  -0.130  -0.049  -0.284  -0.221
1889  -0.486  -0.062  -0.487  -0.614  -0.436  -0.341  -0.190  -0.346  -0.519  -0.743  -0.583  -0.166
1890   0.093   0.131  -0.032  -0.008  -0.113  -0.544  -0.585  -0.380  -0.674  -0.766  -0.620  -0.337
1891  -0.125  -0.390  -0.444  -0.089  -0.106   0.115   0.022   0.300   0.319   0.271   0.142   0.290
1892  -0.055  -0.134  -0.029  -0.110  -0.054  -0.269  -0.324  -0.728  -0.775  -0.425  -0.169  -0.262
1893  -0.252  -0.268  -0.236  -0.372  -0.287  -0.299  -0.225  -0.439  -0.288  -0.395  -0.228  -0.130
1894   0.116  -0.067  -0.090  -0.109   0.014   0.125   0.146   0.432   0.065   0.052  -0.006  -0.020
1895  -0.001   0.131   0.058   0.025   0.073   0.100  -0.086   0.231   0.087   0.223  -0.218  -0.137
1896  -0.191  -0.386  -0.385  -0.079   0.016   0.067   0.221   0.168   0.373   0.672   0.302   0.317
1897  -0.009  -0.128  -0.113   0.028   0.046  -0.031   0.073   0.077  -0.166  -0.727  -0.620  -0.507
1898  -0.358  -0.251  -0.157  -0.166  -0.258  -0.207  -0.481  -0.501  -0.491  -0.525  -0.377  -0.236
1899  -0.222  -0.097   0.003   0.074   0.135  -0.158  -0.241  -0.132  -0.524  -0.039  -0.162  -0.510
1900  -0.282  -0.109  -0.292  -0.115   0.066   0.174   0.006  -0.176  -0.143  -0.042   0.077  -0.403
1901  -0.353  -0.675  -0.550  -0.312  -0.326  -0.394  -0.385  -0.519  -0.630  -0.382  -0.457  -0.438
1902  -0.272  -0.255  -0.063   0.260   0.175   0.125   0.248   0.636   0.593   0.144   0.222  -0.040
1903  -0.293  -0.377  -0.198  -0.419  -0.037  -0.115  -0.285  -0.136  -0.290  -0.643  -0.347  -0.200
1904  -0.030  -0.038  -0.043   0.180  -0.030  -0.063   0.045  -0.102  -0.283   0.149  -0.069  -0.404
1905  -0.406  -0.181  -0.301  -0.259   0.028  -0.230   0.055   0.085   0.413  -0.086  -0.168  -0.329
1906  -0.413  -0.295  -0.338  -0.577  -0.191  -0.164  -0.660  -0.764  -1.223  -0.614  -0.514  -0.110
1907  -0.178   0.008   0.126  -0.160  -0.077  -0.125  -0.276  -0.626  -0.131  -0.021  -0.108   0.011
1908  -0.205  -0.156  -0.084  -0.578  -0.006   0.258  -0.270  -0.151   0.069  -0.081  -0.221  -0.345
1909  -0.535  -0.299  -0.373  -0.233  -0.569  -0.691  -0.698  -0.677  -0.521  -0.336  -0.136  -0.014
1910  -0.362   0.019  -0.320  -0.180  -0.300  -0.238  -0.705  -0.503  -0.622  -0.651  -0.397  -0.055
1911   0.006  -0.301  -0.558  -0.534  -0.206  -0.593  -0.443  -0.281  -0.147  -0.273   0.040   0.079
1912  -0.076  -0.111   0.110  -0.056   0.159   0.216  -0.344  -0.458  -0.331  -0.212  -0.455  -0.263
1913  -0.051   0.055   0.030  -0.065   0.036   0.317  -0.021  -0.176  -0.076   0.251   0.030  -0.021
1914  -0.100   0.014  -0.181  -0.034   0.120   0.760   0.405   0.271   0.325   0.324  -0.288  -0.478
1915  -0.442  -0.500  -0.229  -0.082  -0.267   0.023  -0.380  -0.129   0.018   0.073   0.049   0.209
1916   0.057   0.160   0.235   0.338   0.070  -0.179  -0.359  -0.535  -0.858  -0.568  -0.432  -0.046
1917   0.158   0.137   0.087  -0.031  -0.174  -0.119  -0.265  -0.120  -0.467  -0.668  -0.608  -0.432
1918   0.198   0.326   0.278  -0.084  -0.193   0.021   0.193   0.229   0.386   0.534   0.471   0.287
1919   0.154   0.065  -0.105  -0.209  -0.172  -0.140   0.139  -0.011   0.162   0.039   0.012  -0.172
1920   0.196   0.237   0.307   0.259   0.490   0.155  -0.263  -0.285  -0.214  -0.062  -0.302  -0.156
1921  -0.109   0.036   0.094   0.011   0.178   0.000  -0.116  -0.628  -0.151  -0.084  -0.202  -0.153
1922  -0.193  -0.014   0.247  -0.187  -0.150   0.136  -0.226  -0.108  -0.123  -0.145  -0.267  -0.072
1923  -0.020  -0.219  -0.111  -0.042  -0.088   0.115  -0.084   0.295   0.627   0.645   0.709   0.022
1924  -0.254  -0.408  -0.255  -0.061  -0.182  -0.217  -0.076  -0.123  -0.261   0.184  -0.123  -0.132
1925  -0.130   0.157   0.163   0.679   0.178   0.298   0.139   0.263   0.761   0.476   0.380   0.079
1926   0.179  -0.174   0.129  -0.050   0.141   0.355   0.081   0.288  -0.012   0.262  -0.220  -0.185
1927  -0.017   0.225  -0.027  -0.197  -0.027   0.052  -0.254  -0.304  -0.266  -0.216  -0.009  -0.144
1928  -0.187  -0.173  -0.112  -0.107  -0.050  -0.252  -0.324  -0.576  -0.482  -0.334   0.075  -0.135
1929  -0.095  -0.168  -0.065  -0.017  -0.135  -0.032  -0.077  -0.184   0.080   0.026  -0.007   0.203
1930  -0.239  -0.328  -0.144  -0.048  -0.223   0.067  -0.091  -0.033  -0.412  -0.038   0.380   0.117
1931   0.129  -0.143  -0.380  -0.320  -0.032  -0.068  -0.088  -0.197  -0.611  -0.207   0.087  -0.573
1932  -0.240  -0.387  -0.252   0.079  -0.145  -0.167   0.077  -0.181  -0.017  -0.339  -0.040   0.197
1933  -0.007   0.098   0.206   0.377  -0.121  -0.091  -0.140  -0.313  -1.156  -0.595  -0.328  -0.234
1934  -0.415  -0.070  -0.001   0.069   0.019   0.193   0.003   0.289  -0.105   0.062   0.122   0.070
1935   0.182   0.142   0.284  -0.026   0.280   0.297   0.362   0.276   0.136   0.071   0.377   0.242
1936   0.256  -0.202  -0.048   0.131   0.029   0.272   0.256  -0.131  -0.053  -0.303   0.213  -0.093
1937   0.070  -0.048  -0.100  -0.215   0.263  -0.092  -0.233   0.044   0.307   0.072   0.150   0.090
1938   0.105  -0.041   0.169  -0.152   0.238  -0.185  -0.300   0.155  -0.063  -0.220  -0.432  -0.306
1939   0.061   0.392   0.186  -0.068  -0.112   0.039  -0.082  -0.153   0.102   0.188  -0.046   0.127
1940   0.267  -0.033  -0.299  -0.284  -0.236   0.182  -0.053   0.051   0.006  -0.082  -0.072  -0.088
1941  -0.183  -0.433  -0.091  -0.076  -0.046  -0.159  -0.109  -0.117   0.058   0.188   0.536   0.043
1942  -0.005  -0.106  -0.075  -0.210  -0.376  -0.720  -0.374  -0.786  -0.546  -0.198  -0.321  -0.318
1943  -0.293  -0.053  -0.123  -0.014   0.040   0.369   0.417   0.340  -0.252  -0.147  -0.113  -0.154
1944   0.032   0.427  -0.008  -0.036   0.504   0.100   0.371   0.351   0.392  -0.210   0.024   0.402
1945   0.052   0.279   0.376  -0.116  -0.339  -0.343  -0.203  -0.345  -0.199  -0.128  -0.054  -0.099
1946   0.253   0.175  -0.051  -0.348   0.512  -0.104   0.162   0.463   0.327   0.215   0.250  -0.014
1947  -0.104   0.221   0.174   0.020   0.326   0.154  -0.302  -0.344  -0.563  -0.422  -0.033  -0.028
1948  -0.111   0.033   0.197   0.103   0.140   0.270   0.059  -0.142  -0.250   0.096  -0.102  -0.274
1949   0.209   0.361   0.055   0.368   0.135   0.209   0.305   0.315   0.301   0.259  -0.111  -0.095
1950   0.144  -0.358  -0.517  -0.268  -0.084  -0.280  -0.029   0.085  -0.234  -0.200   0.056   0.204
1951   0.447   0.403   0.427  -0.303   0.081   0.034   0.101   0.424   0.386   0.212   0.390   0.156
1952   0.117   0.267   0.291   0.274   0.077   0.233  -0.106  -0.152  -0.204  -0.154   0.111   0.207
1953   0.491   0.468   0.354   0.150   0.535   0.095   0.137   0.070   0.153   0.076   0.136   0.113
1954  -0.157  -0.084   0.014   0.187  -0.325  -0.290  -0.527  -0.319  -0.321  -0.444  -0.170   0.178
1955   0.134   0.041   0.192   0.164  -0.462  -0.166  -0.118  -0.119  -0.340  -0.334   0.011  -0.061
1956   0.088   0.170   0.175  -0.092  -0.340  -0.599  -0.755  -0.458  -0.397  -0.276  -0.232   0.084
1957  -0.249  -0.369  -0.024  -0.095  -0.100  -0.245  -0.163   0.048   0.014  -0.136  -0.209  -0.023
1958  -0.218  -0.052  -0.203  -0.139  -0.270  -0.632  -0.741  -0.951  -0.902  -0.574  -0.393  -0.404
1959   0.159  -0.342  -0.347  -0.153  -0.511  -0.527  -0.341  -0.600  -0.440  -0.202  -0.302  -0.123
1960  -0.045   0.153  -0.252  -0.532  -0.507  -0.461  -0.413  -0.278  -0.183  -0.514  -0.530  -0.398
1961   0.047   0.115   0.052  -0.398  -0.212   0.213   0.943   1.075   0.937   0.829   0.586   0.530
1962   0.693   0.728   0.524   0.185  -0.155  -0.242  -0.142   0.008   0.208   0.061   0.069   0.168
1963   0.515   0.584   0.375   0.145  -0.103  -0.036   0.528   0.771   0.469   0.807   0.585   0.167
1964  -0.277  -0.502  -0.141  -0.027  -0.299  -0.128  -0.503  -0.371  -0.579  -0.635  -0.004   0.057
1965  -0.145  -0.261  -0.014  -0.083  -0.313  -0.267  -0.153   0.057   0.193   0.394   0.040  -0.063
1966  -0.049   0.024  -0.174  -0.232  -0.202   0.096   0.313   0.426   0.492   0.080  -0.088  -0.009
1967  -0.047   0.121   0.419  -0.070   0.047   0.247   0.443   0.415   0.523   0.529   0.286   0.278
1968   0.389   0.516   0.324   0.265   0.091   0.289  -0.206  -0.154  -0.337  -0.145  -0.176   0.017
1969   0.023   0.024   0.234   0.155   0.062  -0.403  -0.085  -0.047   0.139   0.180   0.262   0.141
1970   0.483   0.510   0.235   0.418   0.398  -0.175  -0.254  -0.052  -0.208  -0.253  -0.030  -0.003
1971   0.379   0.196   0.376   0.447   0.153  -0.018  -0.032  -0.235  -0.348  -0.240   0.290   0.445
1972   0.330  -0.031   0.198   0.326   0.374   0.946   1.020   0.814   0.751   0.700   0.929   0.696
1973   0.223   0.109   0.165   0.087   0.304  -0.011  -0.176  -0.295  -0.372  -0.045   0.129   0.290
1974   0.469   0.345   0.422   0.149  -0.019   0.186   0.072  -0.194  -0.263  -0.450  -0.265  -0.121
1975  -0.177  -0.063  -0.286   0.289   0.288   0.268   0.272  -0.045  -0.460  -0.662  -0.056   0.062
1976   0.196   0.264   0.188   0.324   0.217   0.577   0.890   0.398   0.171   0.147   0.089   0.258
1977   0.180  -0.072   0.341   0.175  -0.123   0.112   0.139   0.030   0.124   0.612   0.130   0.195
1978  -0.451  -0.346  -0.414  -0.019  -0.320   0.027   0.202   0.089   0.135  -0.112  -0.179  -0.027
1979   0.495   0.030   0.134  -0.009  -0.227   0.311  -0.002   0.070   0.113   0.073   0.024   0.129
1980   0.026  -0.016  -0.247   0.109   0.156  -0.165  -0.331  -0.506  -0.341  -0.272  -0.153  -0.262
1981  -0.019   0.153   0.190   0.286   0.196  -0.025  -0.239  -0.316  -0.354  -0.218  -0.054   0.213
1982   0.328   0.355   0.222   0.317   0.442   0.467   0.582   0.555   0.829   1.000   0.550   0.066
1983  -0.297  -0.400  -0.578  -0.347   0.164   0.586   0.840   0.649   0.324   0.099  -0.062   0.133
1984  -0.037   0.038   0.053   0.257  -0.075  -0.137  -0.041  -0.187  -0.206  -0.263  -0.139  -0.044
1985  -0.277  -0.441  -0.367  -0.001  -0.002  -0.409  -0.082  -0.151   0.154  -0.114   0.347  -0.189
1986   0.073   0.049  -0.030  -0.083   0.066  -0.066  -0.234  -0.104   0.238   0.327   0.024  -0.049
1987   0.097   0.227   0.028   0.046   0.389   0.319   0.516   0.592   0.776   0.629   0.219   0.380
1988   0.533   0.034  -0.142   0.075  -0.285  -0.050   0.171   0.015  -0.006  -0.132   0.098   0.393
1989  -0.090   0.145  -0.145  -0.273  -0.368  -0.559  -0.122  -0.007   0.171  -0.025  -0.067   0.061
1990   0.076  -0.106   0.027  -0.184  -0.128  -0.354   0.065  -0.087   0.207   0.038   0.177   0.231
1991   0.241   0.079   0.126   0.481   0.593   0.468   0.574   0.350   0.480   0.339   0.301   0.296
1992  -0.145  -0.211  -0.507  -0.353  -0.326  -0.643  -0.160  -0.463  -0.441  -0.245  -0.126  -0.088
1993  -0.020   0.213  -0.132   0.014   0.193   0.105   0.157  -0.008   0.215   0.220   0.116   0.019
1994   0.204   0.039   0.360   0.537   0.753   0.636   0.858   1.097   0.913   1.073   0.555   0.490
1995   0.317   0.339   0.116  -0.019  -0.030   0.136   0.146   0.161   0.213   0.020  -0.018   0.320
1996   0.161   0.157   0.091  -0.161  -0.042  -0.178  -0.325  -0.374  -0.318  -0.720  -0.519  -0.184
1997   0.079   0.259   0.209   0.250   0.248   0.298   0.763   0.934   1.152   1.249   1.537   1.087
1998   0.697   0.607   0.121   0.254   0.364   0.366  -0.056  -0.259  -0.090  -0.346  -0.372  -0.101
1999   0.063   0.157   0.280   0.200   0.039   0.077   0.424   0.321   0.341   0.192   0.160   0.084
2000   0.062   0.178   0.314   0.350   0.337   0.196   0.398   0.440   0.302   0.237  -0.032  -0.014
2001  -0.245   0.167   0.154   0.339   0.358   0.341   0.178   0.006   0.165  -0.065   0.030   0.174
2002   0.040   0.091   0.177  -0.151  -0.107   0.026   0.057   0.091   0.674   0.778   0.362   0.068
2003  -0.063   0.204   0.124   0.100   0.058   0.351   0.444   0.407   0.329   0.139   0.108   0.410
2004   0.226   0.298   0.252   0.121  -0.339  -0.175   0.015   0.166   0.283   0.375   0.108   0.093
2005   0.055  -0.372  -0.264   0.283   0.188   0.036  -0.065  -0.041  -0.142  -0.052  -0.000  -0.065
2006   0.056  -0.115  -0.056   0.186   0.011   0.152   0.352   0.528   0.809   0.948   0.763   0.395
2007   0.403   0.335   0.279   0.296   0.490   0.246   0.366   0.541   0.626   0.454   0.250   0.006
2008   0.304   0.117   0.273   0.047   0.402   0.428   0.559   0.425   0.477   0.413   0.148   0.176
2009   0.218   0.352   0.268   0.323   0.476   0.309   0.121   0.201   0.282   0.364   0.192   0.384
2010   0.473   0.213   0.632   0.564   0.188   0.070   0.314   0.248   0.126  -0.053  -0.213   0.024
2011   0.374   0.423   0.541   0.357   0.131   0.266   0.539   0.650   0.589   0.737   0.601   0.099
2012   0.227   0.105   0.199  -0.060  -0.116   0.222   0.861   0.948   0.842   0.493   0.169   0.490
2013   0.119   0.377   0.250  -0.097  -0.285  -0.287   0.128   0.105   0.085   0.222   0.462   0.371
2014   0.089   0.096   0.018   0.141   0.126   0.187  -0.044  -0.070   0.246   0.505   0.276   0.268
2015   0.077  -0.161  -0.072   0.192   0.459   0.502   0.535   0.863   0.677   0.861   0.602   0.492
2016   0.438   0.071   0.165   0.346   0.111  -0.222  -0.427  -0.138  -0.046   0.020  -0.089  -0.072
 -999
DMI from the HadISST
 noaa/esrl/psd
