 1870  2017 
1870   -0.58   -0.60   -0.61   -0.62   -0.63   -0.64   -0.64   -0.65   -0.66   -0.67   -0.68   -0.69 
1871   -0.70   -0.70   -0.71   -0.72   -0.73   -0.73   -0.74   -0.75   -0.75   -0.76   -0.76   -0.77 
1872   -0.77   -0.78   -0.78   -0.79   -0.79   -0.79   -0.80   -0.80   -0.80   -0.80   -0.81   -0.81 
1873   -0.81   -0.81   -0.81   -0.81   -0.81   -0.81   -0.81   -0.81   -0.81   -0.81   -0.80   -0.80 
1874   -0.80   -0.80   -0.80   -0.79   -0.79   -0.79   -0.78   -0.78   -0.78   -0.77   -0.77   -0.76 
1875   -0.76   -0.75   -0.75   -0.74   -0.74   -0.73   -0.73   -0.72   -0.72   -0.71   -0.70   -0.70 
1876   -0.69   -0.69   -0.68   -0.67   -0.67   -0.66   -0.65   -0.65   -0.64   -0.63   -0.63   -0.62 
1877   -0.61   -0.60   -0.60   -0.59   -0.58   -0.58   -0.57   -0.56   -0.55   -0.55   -0.54   -0.53 
1878   -0.53   -0.52   -0.51   -0.50   -0.50   -0.49   -0.48   -0.47   -0.47   -0.46   -0.45   -0.45 
1879   -0.44   -0.43   -0.42   -0.42   -0.41   -0.40   -0.40   -0.39   -0.38   -0.37   -0.37   -0.36 
1880   -0.35   -0.34   -0.34   -0.33   -0.32   -0.32   -0.31   -0.30   -0.29   -0.29   -0.28   -0.27 
1881   -0.27   -0.26   -0.25   -0.24   -0.24   -0.23   -0.22   -0.21   -0.21   -0.20   -0.19   -0.19 
1882   -0.18   -0.17   -0.16   -0.16   -0.15   -0.14   -0.14   -0.13   -0.12   -0.11   -0.11   -0.10 
1883   -0.09   -0.09   -0.08   -0.07   -0.07   -0.06   -0.06   -0.05   -0.04   -0.04   -0.03   -0.03 
1884   -0.02   -0.01   -0.01   -0.00    0.00    0.01    0.01    0.01    0.02    0.02    0.03    0.03 
1885    0.03    0.04    0.04    0.04    0.04    0.04    0.05    0.05    0.05    0.05    0.05    0.05 
1886    0.05    0.05    0.05    0.05    0.05    0.04    0.04    0.04    0.04    0.03    0.03    0.03 
1887    0.02    0.02    0.01    0.01   -0.00   -0.01   -0.01   -0.02   -0.03   -0.04   -0.04   -0.05 
1888   -0.06   -0.07   -0.08   -0.09   -0.10   -0.11   -0.12   -0.13   -0.14   -0.16   -0.17   -0.18 
1889   -0.19   -0.21   -0.22   -0.23   -0.25   -0.26   -0.27   -0.29   -0.30   -0.32   -0.33   -0.35 
1890   -0.36   -0.38   -0.39   -0.41   -0.42   -0.44   -0.45   -0.47   -0.48   -0.50   -0.51   -0.53 
1891   -0.54   -0.56   -0.57   -0.58   -0.60   -0.61   -0.63   -0.64   -0.65   -0.67   -0.68   -0.69 
1892   -0.70   -0.71   -0.73   -0.74   -0.75   -0.76   -0.77   -0.77   -0.78   -0.79   -0.80   -0.81 
1893   -0.81   -0.82   -0.82   -0.83   -0.83   -0.84   -0.84   -0.84   -0.85   -0.85   -0.85   -0.85 
1894   -0.85   -0.84   -0.84   -0.84   -0.84   -0.83   -0.83   -0.82   -0.82   -0.81   -0.80   -0.79 
1895   -0.79   -0.78   -0.77   -0.76   -0.74   -0.73   -0.72   -0.71   -0.69   -0.68   -0.66   -0.65 
1896   -0.63   -0.61   -0.60   -0.58   -0.56   -0.54   -0.52   -0.50   -0.48   -0.46   -0.44   -0.42 
1897   -0.40   -0.38   -0.35   -0.33   -0.31   -0.29   -0.26   -0.24   -0.21   -0.19   -0.17   -0.14 
1898   -0.12   -0.09   -0.07   -0.05   -0.02    0.00    0.03    0.05    0.08    0.10    0.12    0.15 
1899    0.17    0.19    0.22    0.24    0.26    0.28    0.31    0.33    0.35    0.37    0.39    0.41 
1900    0.43    0.45    0.46    0.48    0.50    0.51    0.53    0.55    0.56    0.57    0.59    0.60 
1901    0.61    0.62    0.64    0.65    0.66    0.66    0.67    0.68    0.69    0.69    0.70    0.70 
1902    0.71    0.71    0.71    0.71    0.71    0.71    0.71    0.71    0.71    0.71    0.71    0.70 
1903    0.70    0.69    0.69    0.68    0.67    0.67    0.66    0.65    0.64    0.63    0.62    0.61 
1904    0.60    0.59    0.57    0.56    0.55    0.53    0.52    0.51    0.49    0.48    0.46    0.45 
1905    0.43    0.42    0.40    0.38    0.37    0.35    0.33    0.32    0.30    0.28    0.27    0.25 
1906    0.23    0.22    0.20    0.18    0.17    0.15    0.13    0.12    0.10    0.09    0.07    0.05 
1907    0.04    0.02    0.01   -0.00   -0.02   -0.03   -0.05   -0.06   -0.07   -0.08   -0.10   -0.11 
1908   -0.12   -0.13   -0.14   -0.15   -0.16   -0.17   -0.18   -0.18   -0.19   -0.20   -0.21   -0.21 
1909   -0.22   -0.22   -0.23   -0.23   -0.24   -0.24   -0.24   -0.25   -0.25   -0.25   -0.25   -0.25 
1910   -0.25   -0.25   -0.25   -0.25   -0.25   -0.25   -0.25   -0.25   -0.24   -0.24   -0.24   -0.23 
1911   -0.23   -0.23   -0.22   -0.22   -0.22   -0.21   -0.21   -0.20   -0.20   -0.19   -0.19   -0.18 
1912   -0.17   -0.17   -0.16   -0.16   -0.15   -0.15   -0.14   -0.14   -0.13   -0.12   -0.12   -0.11 
1913   -0.11   -0.10   -0.10   -0.09   -0.09   -0.08   -0.08   -0.08   -0.07   -0.07   -0.06   -0.06 
1914   -0.06   -0.06   -0.05   -0.05   -0.05   -0.05   -0.05   -0.05   -0.04   -0.04   -0.04   -0.04 
1915   -0.04   -0.05   -0.05   -0.05   -0.05   -0.05   -0.05   -0.06   -0.06   -0.06   -0.07   -0.07 
1916   -0.08   -0.08   -0.09   -0.09   -0.10   -0.10   -0.11   -0.11   -0.12   -0.13   -0.13   -0.14 
1917   -0.15   -0.16   -0.16   -0.17   -0.18   -0.19   -0.20   -0.20   -0.21   -0.22   -0.23   -0.24 
1918   -0.25   -0.26   -0.26   -0.27   -0.28   -0.29   -0.30   -0.31   -0.32   -0.32   -0.33   -0.34 
1919   -0.35   -0.36   -0.36   -0.37   -0.38   -0.38   -0.39   -0.40   -0.40   -0.41   -0.41   -0.42 
1920   -0.43   -0.43   -0.43   -0.44   -0.44   -0.45   -0.45   -0.45   -0.45   -0.46   -0.46   -0.46 
1921   -0.46   -0.46   -0.46   -0.46   -0.46   -0.46   -0.45   -0.45   -0.45   -0.45   -0.44   -0.44 
1922   -0.43   -0.43   -0.42   -0.42   -0.41   -0.41   -0.40   -0.39   -0.39   -0.38   -0.37   -0.36 
1923   -0.35   -0.34   -0.33   -0.32   -0.31   -0.30   -0.29   -0.28   -0.27   -0.26   -0.25   -0.24 
1924   -0.22   -0.21   -0.20   -0.19   -0.17   -0.16   -0.15   -0.14   -0.12   -0.11   -0.10   -0.08 
1925   -0.07   -0.06   -0.04   -0.03   -0.02   -0.00    0.01    0.02    0.03    0.05    0.06    0.07 
1926    0.08    0.09    0.11    0.12    0.13    0.14    0.15    0.16    0.17    0.18    0.19    0.20 
1927    0.21    0.22    0.22    0.23    0.24    0.25    0.25    0.26    0.26    0.27    0.28    0.28 
1928    0.28    0.29    0.29    0.29    0.30    0.30    0.30    0.30    0.30    0.30    0.30    0.30 
1929    0.30    0.30    0.30    0.30    0.29    0.29    0.29    0.28    0.28    0.28    0.27    0.27 
1930    0.26    0.26    0.25    0.24    0.24    0.23    0.22    0.22    0.21    0.20    0.19    0.18 
1931    0.18    0.17    0.16    0.15    0.14    0.13    0.12    0.12    0.11    0.10    0.09    0.08 
1932    0.07    0.06    0.05    0.04    0.03    0.02    0.02    0.01   -0.00   -0.01   -0.02   -0.03 
1933   -0.03   -0.04   -0.05   -0.06   -0.06   -0.07   -0.08   -0.08   -0.09   -0.10   -0.10   -0.11 
1934   -0.11   -0.12   -0.12   -0.12   -0.13   -0.13   -0.13   -0.14   -0.14   -0.14   -0.14   -0.14 
1935   -0.15   -0.15   -0.15   -0.15   -0.15   -0.14   -0.14   -0.14   -0.14   -0.14   -0.13   -0.13 
1936   -0.13   -0.12   -0.12   -0.12   -0.11   -0.11   -0.10   -0.10   -0.09   -0.09   -0.08   -0.07 
1937   -0.07   -0.06   -0.05   -0.05   -0.04   -0.03   -0.02   -0.02   -0.01   -0.00    0.01    0.02 
1938    0.02    0.03    0.04    0.05    0.06    0.06    0.07    0.08    0.09    0.10    0.10    0.11 
1939    0.12    0.13    0.13    0.14    0.15    0.16    0.16    0.17    0.18    0.18    0.19    0.19 
1940    0.20    0.20    0.21    0.21    0.22    0.22    0.22    0.23    0.23    0.23    0.23    0.23 
1941    0.24    0.24    0.24    0.24    0.24    0.24    0.24    0.23    0.23    0.23    0.23    0.23 
1942    0.22    0.22    0.21    0.21    0.20    0.20    0.19    0.19    0.18    0.17    0.17    0.16 
1943    0.15    0.14    0.14    0.13    0.12    0.11    0.10    0.09    0.08    0.07    0.06    0.05 
1944    0.04    0.02    0.01    0.00   -0.01   -0.02   -0.03   -0.05   -0.06   -0.07   -0.09   -0.10 
1945   -0.11   -0.12   -0.14   -0.15   -0.16   -0.18   -0.19   -0.20   -0.21   -0.23   -0.24   -0.25 
1946   -0.26   -0.28   -0.29   -0.30   -0.31   -0.33   -0.34   -0.35   -0.36   -0.37   -0.38   -0.39 
1947   -0.40   -0.41   -0.42   -0.43   -0.44   -0.45   -0.46   -0.47   -0.48   -0.49   -0.49   -0.50 
1948   -0.51   -0.51   -0.52   -0.53   -0.53   -0.54   -0.54   -0.55   -0.55   -0.56   -0.56   -0.56 
1949   -0.57   -0.57   -0.57   -0.57   -0.58   -0.58   -0.58   -0.58   -0.58   -0.58   -0.58   -0.58 
1950   -0.58   -0.58   -0.57   -0.57   -0.57   -0.57   -0.57   -0.56   -0.56   -0.56   -0.55   -0.55 
1951   -0.54   -0.54   -0.54   -0.53   -0.53   -0.52   -0.52   -0.51   -0.51   -0.50   -0.50   -0.49 
1952   -0.48   -0.48   -0.47   -0.47   -0.46   -0.45   -0.45   -0.44   -0.44   -0.43   -0.42   -0.42 
1953   -0.41   -0.40   -0.40   -0.39   -0.39   -0.38   -0.37   -0.37   -0.36   -0.36   -0.35   -0.35 
1954   -0.34   -0.34   -0.33   -0.33   -0.32   -0.32   -0.31   -0.31   -0.30   -0.30   -0.30   -0.29 
1955   -0.29   -0.28   -0.28   -0.28   -0.28   -0.27   -0.27   -0.27   -0.27   -0.26   -0.26   -0.26 
1956   -0.26   -0.26   -0.26   -0.25   -0.25   -0.25   -0.25   -0.25   -0.25   -0.25   -0.25   -0.25 
1957   -0.25   -0.25   -0.25   -0.25   -0.25   -0.25   -0.25   -0.25   -0.25   -0.25   -0.25   -0.25 
1958   -0.26   -0.26   -0.26   -0.26   -0.26   -0.26   -0.26   -0.26   -0.26   -0.26   -0.26   -0.26 
1959   -0.26   -0.26   -0.26   -0.26   -0.26   -0.26   -0.26   -0.26   -0.26   -0.26   -0.26   -0.26 
1960   -0.26   -0.26   -0.26   -0.26   -0.26   -0.26   -0.26   -0.25   -0.25   -0.25   -0.25   -0.24 
1961   -0.24   -0.24   -0.24   -0.23   -0.23   -0.23   -0.22   -0.22   -0.22   -0.21   -0.21   -0.21 
1962   -0.20   -0.20   -0.19   -0.19   -0.18   -0.18   -0.17   -0.17   -0.16   -0.16   -0.15   -0.15 
1963   -0.14   -0.14   -0.13   -0.13   -0.12   -0.11   -0.11   -0.10   -0.10   -0.09   -0.09   -0.08 
1964   -0.08   -0.07   -0.07   -0.06   -0.06   -0.05   -0.05   -0.04   -0.04   -0.03   -0.03   -0.02 
1965   -0.02   -0.02   -0.01   -0.01   -0.01   -0.00   -0.00    0.00    0.00    0.01    0.01    0.01 
1966    0.01    0.01    0.01    0.01    0.01    0.01    0.01    0.01    0.01    0.01    0.01    0.00 
1967    0.00   -0.00   -0.01   -0.01   -0.01   -0.02   -0.02   -0.03   -0.03   -0.04   -0.04   -0.05 
1968   -0.06   -0.06   -0.07   -0.08   -0.08   -0.09   -0.10   -0.11   -0.12   -0.13   -0.14   -0.15 
1969   -0.15   -0.16   -0.17   -0.18   -0.20   -0.21   -0.22   -0.23   -0.24   -0.25   -0.26   -0.27 
1970   -0.28   -0.29   -0.31   -0.32   -0.33   -0.34   -0.35   -0.36   -0.37   -0.38   -0.40   -0.41 
1971   -0.42   -0.43   -0.44   -0.45   -0.46   -0.47   -0.48   -0.49   -0.50   -0.51   -0.52   -0.53 
1972   -0.53   -0.54   -0.55   -0.56   -0.56   -0.57   -0.58   -0.58   -0.59   -0.59   -0.60   -0.60 
1973   -0.61   -0.61   -0.61   -0.61   -0.62   -0.62   -0.62   -0.62   -0.62   -0.62   -0.62   -0.61 
1974   -0.61   -0.61   -0.61   -0.60   -0.60   -0.60   -0.59   -0.58   -0.58   -0.57   -0.57   -0.56 
1975   -0.55   -0.54   -0.53   -0.52   -0.51   -0.50   -0.49   -0.48   -0.47   -0.46   -0.45   -0.43 
1976   -0.42   -0.41   -0.39   -0.38   -0.37   -0.35   -0.34   -0.32   -0.31   -0.29   -0.28   -0.26 
1977   -0.24   -0.23   -0.21   -0.20   -0.18   -0.16   -0.15   -0.13   -0.11   -0.10   -0.08   -0.06 
1978   -0.05   -0.03   -0.01    0.00    0.02    0.04    0.05    0.07    0.08    0.10    0.11    0.13 
1979    0.14    0.16    0.17    0.18    0.20    0.21    0.22    0.24    0.25    0.26    0.27    0.28 
1980    0.29    0.30    0.31    0.32    0.33    0.34    0.35    0.35    0.36    0.37    0.37    0.38 
1981    0.38    0.39    0.39    0.40    0.40    0.40    0.40    0.41    0.41    0.41    0.41    0.41 
1982    0.41    0.41    0.41    0.41    0.40    0.40    0.40    0.39    0.39    0.39    0.38    0.38 
1983    0.37    0.37    0.36    0.36    0.35    0.34    0.34    0.33    0.32    0.32    0.31    0.30 
1984    0.29    0.29    0.28    0.27    0.26    0.25    0.25    0.24    0.23    0.22    0.21    0.21 
1985    0.20    0.19    0.18    0.17    0.17    0.16    0.15    0.14    0.14    0.13    0.12    0.12 
1986    0.11    0.10    0.10    0.09    0.09    0.08    0.08    0.07    0.07    0.06    0.06    0.06 
1987    0.05    0.05    0.05    0.05    0.04    0.04    0.04    0.04    0.04    0.04    0.04    0.04 
1988    0.04    0.04    0.04    0.05    0.05    0.05    0.05    0.06    0.06    0.06    0.07    0.07 
1989    0.08    0.08    0.09    0.09    0.10    0.10    0.11    0.12    0.12    0.13    0.14    0.14 
1990    0.15    0.16    0.17    0.17    0.18    0.19    0.20    0.20    0.21    0.22    0.23    0.24 
1991    0.24    0.25    0.26    0.27    0.27    0.28    0.29    0.30    0.30    0.31    0.32    0.32 
1992    0.33    0.34    0.34    0.35    0.35    0.36    0.36    0.37    0.37    0.38    0.38    0.38 
1993    0.39    0.39    0.39    0.40    0.40    0.40    0.40    0.40    0.40    0.40    0.40    0.40 
1994    0.40    0.40    0.40    0.40    0.39    0.39    0.39    0.39    0.38    0.38    0.37    0.37 
1995    0.36    0.36    0.35    0.35    0.34    0.34    0.33    0.32    0.31    0.31    0.30    0.29 
1996    0.28    0.27    0.26    0.25    0.24    0.24    0.23    0.22    0.21    0.20    0.18    0.17 
1997    0.16    0.15    0.14    0.13    0.12    0.11    0.10    0.09    0.08    0.06    0.05    0.04 
1998    0.03    0.02    0.01   -0.00   -0.01   -0.02   -0.03   -0.05   -0.06   -0.07   -0.08   -0.09 
1999   -0.10   -0.11   -0.12   -0.13   -0.13   -0.14   -0.15   -0.16   -0.17   -0.18   -0.19   -0.19 
2000   -0.20   -0.21   -0.22   -0.22   -0.23   -0.24   -0.24   -0.25   -0.25   -0.26   -0.26   -0.27 
2001   -0.27   -0.28   -0.28   -0.29   -0.29   -0.29   -0.30   -0.30   -0.30   -0.30   -0.31   -0.31 
2002   -0.31   -0.31   -0.31   -0.31   -0.31   -0.31   -0.31   -0.31   -0.31   -0.31   -0.31   -0.31 
2003   -0.31   -0.31   -0.31   -0.31   -0.30   -0.30   -0.30   -0.30   -0.30   -0.29   -0.29   -0.29 
2004   -0.29   -0.28   -0.28   -0.28   -0.28   -0.27   -0.27   -0.27   -0.26   -0.26   -0.26   -0.25 
2005   -0.25   -0.25   -0.24   -0.24   -0.24   -0.23   -0.23   -0.23   -0.22   -0.22   -0.22   -0.21 
2006   -0.21   -0.21   -0.20   -0.20   -0.20   -0.19   -0.19   -0.19   -0.18   -0.18   -0.18   -0.17 
2007   -0.17   -0.17   -0.17   -0.16   -0.16   -0.16   -0.16   -0.15   -0.15   -0.15   -0.15   -0.15 
2008   -0.14   -0.14   -0.14   -0.14   -0.14   -0.13   -0.13   -0.13   -0.13   -0.13   -0.13   -0.13 
2009   -0.12   -0.12   -0.12   -0.12   -0.12   -0.12   -0.12   -0.12   -0.12   -0.12   -0.12   -0.12 
2010   -0.11   -0.11   -0.11   -0.11   -0.11   -0.11   -0.11   -0.11   -0.11   -0.11   -0.11   -0.11 
2011   -0.11   -0.11   -0.11   -0.11   -0.11   -0.11   -0.11   -0.11   -0.11   -0.11   -0.11   -0.11 
2012   -0.11   -0.11   -0.11   -0.11   -0.11   -0.11   -0.11   -0.11   -0.11   -0.11   -0.11   -0.11 
2013   -0.11   -0.11   -0.11   -0.11   -0.11   -0.11   -0.11   -0.11   -0.11   -0.11   -0.11   -0.11 
2014   -0.11   -0.11   -0.11   -0.11   -0.11   -0.11   -0.11   -0.11   -0.11   -0.11   -0.11   -0.11 
2015   -0.11   -0.11   -0.11   -0.11   -0.11   -0.11   -0.11   -0.11   -0.11   -0.11   -0.11   -0.11 
2016   -0.11   -0.11   -0.11   -0.11   -0.11   -0.11   -0.11   -0.11   -0.11   -0.11   -0.11   -0.11 
2017   -0.11  -99.00  -99.00  -99.00  -99.00  -99.00  -99.00  -99.00  -99.00  -99.00  -99.00  -99.00 
 -99.0 
TPI filtered (IPO Tripole Index) of Henley et al. (2015) 
ERSSTv4 
Please cite this data if you use it:  
Henley, B.J., Gergis, J., Karoly, D.J., Power, S.B., Kennedy, J., & Folland, C.K. (2015).  
A Tripole Index for the Interdecadal Pacific Oscillation. Climate Dynamics, 1-14. doi:10.1007/s00382-015-2525-1 
See http://www.esrl.noaa.gov/psd/data/timeseries/IPOTPI/ 
Exercise caution when interpreting end points of filtered data. 
